Keyword	Trends	Impressions
downloads video youtube	[40,53,68,66,88,68,68,70,91,86,117,127,141]	1083
downloads youtube video	[42,71,71,90,111,85,97,78,96,64,85,89,113]	1092
video youtube download	[94,78,74,131,104,105,102,94,133,137,116,97,147]	1412
youtube download video free	[74,109,75,118,120,100,114,125,143,112,190,160,153]	1593
youtube video downloader extension	[120,110,151,97,111,82,120,124,129,121,138,141,159]	1603
ss youtube video downloader	[134,116,92,124,151,131,131,121,147,102,141,132,156]	1678
video download youtube	[131,98,132,136,136,107,141,147,193,153,168,130,185]	1857
download from youtube free	[82,119,132,148,144,129,186,178,210,186,173,176,201]	2064
free youtube video downloader online	[139,171,131,188,220,174,215,173,181,130,160,135,165]	2182
free video downloader youtube	[125,172,153,126,188,176,177,212,155,145,181,199,190]	2199
online video downloader youtube	[130,146,146,141,169,155,135,173,189,211,289,215,286]	2385
free download youtube video	[166,145,181,204,166,177,191,211,240,198,209,223,189]	2500
youtube video downloader hd	[145,145,176,175,165,207,162,212,277,157,263,220,208]	2512
youtube free video downloader	[207,227,177,223,193,155,198,204,205,165,240,206,247]	2647
youtube online video downloader	[211,186,172,160,149,192,189,197,217,249,240,253,247]	2662
youtube video downloader free online	[200,227,223,148,206,222,226,257,197,204,234,227,262]	2833
youtube video free download	[208,259,232,253,226,263,251,205,234,207,253,217,291]	3099
free downloading videos from youtube	[85,189,147,232,232,184,274,352,345,238,323,270,275]	3146
free online youtube downloader	[250,227,198,215,241,186,237,248,248,224,308,314,317]	3213
noteburner youtube video downloader	[270,325,308,246,236,239,241,219,236,210,252,226,210]	3218
download video from youtube free	[189,175,176,177,206,229,270,306,282,263,329,398,343]	3343
ss youtube video downloader for pc	[279,281,254,201,275,265,283,303,350,250,285,240,238]	3504
downloader video youtube	[204,219,238,234,249,281,275,301,280,289,272,327,349]	3518
turboscribe youtube video downloader	[251,215,233,252,199,239,314,308,355,270,342,374,391]	3743
download youtube online	[249,299,290,290,311,271,320,374,366,347,345,331,394]	4187
video youtube downloader	[274,328,293,326,316,299,312,321,318,358,386,343,384]	4258
download youtube videos online free	[208,289,277,321,303,297,475,378,348,278,415,400,371]	4360
youtube downloader online free	[249,308,304,310,302,297,298,375,382,389,413,509,420]	4556
free youtube downloader online	[327,297,309,293,334,316,324,349,384,382,433,419,467]	4634
free youtube download	[351,328,330,411,366,298,302,338,391,382,385,396,518]	4796
ssyoutube download	[494,333,401,340,94,113,161,250,272,409,705,924,550]	5046
download videos from youtube	[416,370,383,392,375,363,396,398,438,410,380,382,399]	5102
youtube video downloader online free	[331,328,341,326,307,343,448,456,534,391,502,548,503]	5358
youtube downloader free online	[253,324,266,250,305,403,510,425,498,452,654,576,554]	5470
downloader youtube video	[329,296,379,326,425,442,551,501,449,425,429,528,488]	5568
ssyoutube.com downloader	[385,341,339,392,384,369,370,438,469,479,500,602,639]	5707
youtube videos download	[525,513,454,563,503,429,476,430,459,477,490,452,493]	6264
ytb downloader	[429,445,435,525,475,470,497,484,473,551,496,498,498]	6276
youtube video downloader free download	[285,354,319,381,420,313,277,559,593,538,883,715,778]	6415
savefrom net youtube video downloader	[343,266,323,282,382,302,428,413,349,435,1121,1013,846]	6503
youtube link downloader	[526,509,490,473,496,489,503,495,550,544,568,578,560]	6781
sssyoutube.com	[239,186,180,207,213,214,453,868,885,793,861,781,936]	6816
youtubedownloader	[601,589,557,449,533,548,496,575,653,501,629,649,594]	7374
youtube video download free	[464,574,544,589,622,568,568,612,533,550,628,583,557]	7392
download youtube video online	[518,547,495,555,560,472,627,565,620,587,630,650,641]	7467
youtube视频解析	[654,774,730,669,574,527,502,543,504,517,491,582,524]	7591
you tube downloader	[548,548,503,534,570,553,594,584,614,616,640,654,643]	7601
free download youtube	[598,556,541,504,611,584,604,573,608,598,661,616,632]	7686
download youtube video free	[422,482,465,511,622,464,532,610,636,602,762,804,792]	7704
youtube downloader hd	[405,472,491,569,688,549,571,534,809,644,577,601,806]	7716
youtube video downloader for pc	[576,532,630,601,537,572,592,619,618,555,608,620,661]	7721
youtube download online	[502,528,593,615,599,602,617,607,667,567,558,675,664]	7794
youtube video download online	[592,601,581,605,699,697,710,676,731,606,756,708,723]	8685
youtube online downloader	[657,674,617,637,643,640,689,663,683,725,808,754,823]	9013
ss youtube	[627,685,665,647,705,608,777,616,811,704,791,748,696]	9080
online youtube video downloader	[720,719,657,671,683,682,774,671,797,578,787,803,730]	9272
ssyoutube.com	[1011,956,792,815,761,872,890,576,502,498,620,584,568]	9445
youtube free download	[783,763,659,688,683,720,676,709,801,822,806,840,848]	9798
youtube free downloader	[769,849,768,620,743,729,881,849,740,747,878,941,845]	10359
download yt video	[683,755,753,789,766,784,824,763,870,844,939,906,866]	10542
youtube video converter	[682,732,744,725,812,823,884,884,853,821,937,892,902]	10691
download youtube videos online	[762,787,691,788,796,641,704,845,960,826,1066,945,962]	10773
download youtube videos free	[829,842,778,863,933,770,848,952,1048,944,1064,1115,1032]	12018
ytmate	[993,959,1004,918,993,921,970,912,1047,932,1067,903,990]	12609
yt video download	[886,927,857,862,976,1001,1022,921,928,997,1197,1078,967]	12619
youtube downloader video	[745,781,867,762,878,963,1138,1158,1125,1131,1404,1386,1333]	13671
online youtube downloader	[1035,1154,1046,980,1064,1032,1106,1112,1163,1121,1180,1260,1191]	14444
youtube download free	[945,1010,1058,1070,1078,1100,1117,1163,1292,1216,1152,1223,1177]	14601
youtube videos downloader	[1180,1026,1097,1102,1215,1134,1186,1030,1117,1042,1183,1193,1148]	14653
downloader youtube	[1029,979,1040,989,1128,1213,1225,1215,1151,1177,1277,1260,1274]	14957
yt download	[1280,1333,1202,1351,1406,1299,1369,1240,1361,1282,1253,1433,1379]	17188
télécharger vidéo youtube	[1147,1115,1078,1190,1280,1378,1430,1519,1535,1631,1555,1539,1464]	17861
baixar vídeos do youtube	[1324,1565,1742,1510,1616,1575,1315,1239,733,1249,1526,1272,1310]	17976
video download	[1453,1390,1317,1389,1457,1325,1486,1410,1410,1336,1375,1427,1445]	18220
free youtube video downloader	[1299,1328,1267,1423,1326,1256,1395,1460,1535,1426,1595,1651,1587]	18548
video downloader free	[1700,1729,1754,1277,1333,1496,1593,1470,1420,1297,1545,1590,1324]	19528
free video downloader	[1314,1351,1217,1224,1415,1294,1230,1672,1603,1589,2073,1877,2058]	19917
油管视频下载	[1664,2187,2080,1850,1676,1435,1417,1279,1392,1179,1438,1489,1243]	20329
youtube download video	[1339,1412,1392,1320,1397,1411,1663,1661,1690,1643,1797,1778,1880]	20383
download video from youtube	[1629,1612,1714,1780,1757,1677,1725,1815,2067,1940,2040,1977,1961]	23694
video downloader youtube	[1698,1940,1928,1731,1844,1888,1981,1751,1821,1842,1881,1811,1878]	23994
descargar video youtube	[1616,1540,1521,1691,1928,1994,2018,2066,2250,2212,2239,2367,2414]	25856
baixar videos do youtube	[1726,1927,1933,2118,2036,1803,1978,2053,2190,2142,2272,2351,3893]	28422
online video downloader	[2039,2100,2025,1883,2216,2171,2417,2380,2272,2174,2420,2314,2352]	28763
descargar videos	[2051,2000,2009,2070,2187,2435,2660,2473,2785,2783,2901,2814,2883]	32051
ssyoutube	[2614,2430,2322,2521,2544,2518,2684,2769,3013,2680,2857,2914,3103]	34969
download video	[2841,2622,2668,2669,2706,2653,2686,2666,2775,2690,2695,2804,2869]	35344
youtube downloader free download	[2368,3129,2762,2533,2651,2358,2469,2893,2872,2771,3512,3309,3037]	36664
download from youtube	[2544,2510,2643,2678,2764,2570,2837,3033,3142,3072,3112,3242,3271]	37418
free youtube downloader	[2722,2924,2761,2888,3083,2713,2811,2771,3050,2874,3156,3101,3311]	38165
descargar videos de youtube gratis	[2487,2504,2717,2600,2818,2937,3256,2787,3108,3342,3339,3298,3382]	38575
telecharger video youtube	[2842,2633,2619,2667,2740,2850,3073,2975,3569,3576,3601,3600,3616]	40361
youtube video downloader free	[2789,2981,2962,3075,3183,3172,3676,3609,3666,3221,3782,3785,3637]	43538
youtube downloader online	[3251,3698,3228,3533,3695,3214,3375,3352,4022,3640,4156,4203,4358]	47725
youtube downloader free	[2998,3265,3018,3187,3329,3629,4300,3962,3956,3571,4484,4484,4647]	48830
savefrom youtube	[3197,3317,3336,3370,3528,3427,3890,3842,3694,3907,5167,4895,4865]	50435
save from youtube	[3613,3565,3842,3568,3470,3443,4229,3759,3595,3758,4718,4677,4618]	50855
youtube video downloader online	[3888,4072,3939,3770,3905,3899,4327,4287,4500,4020,4840,4670,4405]	54522
descargar video de youtube	[4000,3959,4442,4515,5005,4916,5430,5005,5609,5619,5708,5902,6078]	66188
youtube视频下载	[6887,8136,7872,7276,7165,6513,6246,6188,6103,5629,5997,6263,5972]	86247
download youtube video	[6112,6238,6172,6376,6629,6074,6822,6730,7117,6995,7182,7024,7369]	86840
yt downloader	[6824,7434,7864,7441,7733,7068,6739,6781,7077,7176,7996,7994,7811]	95938
yt video downloader	[6957,6956,7175,6911,7088,7075,7547,7534,7815,7977,9119,9454,7822]	99430
youtube下载	[8809,10418,9891,9818,9114,7553,7086,7042,6453,6809,7088,7142,6874]	104097
baixar vídeo do youtube	[7458,8475,8202,9074,8640,7844,7803,8303,8644,8250,8703,7726,7942]	107064
youtube video download	[7405,7448,7504,7704,8023,7748,8752,8498,9115,8422,9740,8669,8677]	107705
descargar videos youtube	[6681,6875,6676,7354,8505,8859,9789,8446,10304,10409,10865,10600,10012]	115375
save from net	[8650,8574,8604,7873,8741,8621,9156,9285,9428,9523,10352,10131,10152]	119090
download youtube videos	[10576,10365,10781,11086,10647,10165,10972,10759,10929,10769,11533,11298,10969]	140849
download video youtube	[11174,11245,11794,11699,11569,11202,13533,12078,11796,12043,12538,12439,12583]	155693
download youtube	[14076,13963,14347,14610,14663,14433,14799,14678,15039,14616,15302,15464,15521]	191511
descargar videos de youtube	[13956,13863,14422,15295,15822,15650,16301,15676,17223,17376,17672,17936,18129]	209321
video downloader	[18240,18234,17845,17475,18636,18536,19378,18885,19509,18705,19942,19935,19924]	245244
youtube download	[32239,32659,33243,33349,31944,31957,33152,31560,32913,32839,33578,33276,32444]	425153
youtube downloader	[94617,93953,94939,94876,96472,92722,96546,95353,99806,97731,99663,100362,99456]	1256496
ytb	[157635,147802,144487,151598,165117,161736,172971,183173,183976,182966,181554,184145,195490]	2212650
youtube	[61644364,60633338,60684907,62131934,62100939,62751517,64544990,64498749,65393168,64326120,65104831,66101130,64460744]	824376731